BCsum(3,1,1,2,1,1:4) = [15,661,0,0];
BCsum(3,1,1,2,1,4 + (0-1)*8 + (1:8)) = [0.178711,0.439453,0.252930,0.352051,0.000000,BCsum(3,1,1,2,1,3) = [2];
BCsum(3,1,1,2,1,4) = [2];
BCsum(3,1,1,2,2,1:4) = [13,645,0,0];
BCsum(3,1,1,2,2,4 + (0-1)*8 + (1:8)) = [0.041992,0.210938,0.753906,0.097168,0.000000,BCsum(3,1,1,2,2,3) = [2];
BCsum(3,1,1,2,2,4) = [2];
BCsum(3,1,1,2,3,1:4) = [14,405,0,0];
BCsum(3,1,1,2,3,4 + (0-1)*8 + (1:8)) = [0.133301,0.711426,0.639160,0.275391,0.000000,BCsum(3,1,1,2,3,3) = [1];
BCsum(3,1,1,2,3,4) = [1];
BCsum(3,1,1,2,4,1:4) = [12,373,0,0];
BCsum(3,1,1,2,4,4 + (0-1)*8 + (1:8)) = [0.019531,0.476562,0.479980,0.044922,0.000000,BCsum(3,1,1,2,5,1:4) = [10,308,0,0];
BCsum(3,1,1,2,5,4 + (0-1)*8 + (1:8)) = [0.053223,0.894043,0.938477,0.120117,0.000000,BCsum(3,1,1,2,5,3) = [1];
BCsum(3,1,1,2,6,1:4) = [11,324,0,0];
BCsum(3,1,1,2,6,4 + (0-1)*8 + (1:8)) = [0.166504,0.969727,0.890625,0.333496,0.000000,BCsum(3,1,1,2,6,3) = [1];
